Model Type: CNN
Dataset: WikiSyntheticGeneral


SCORES
Train Acc           |Val Acc             |Test Acc            
56.25               |51.87               |0.0                 


TIME
Device              |Duration            |Start               |End                 
cpu                 |00:00:02            |2020-03-18T14:17:43 |2020-03-18T14:17:45 


SAMPLES
Total               |Training            |Validation          |Test                
914                 |640                 |137                 |137                 


DATA PROCESS CONFIGURATION
Tokenizer           |Embeddings          |Vocabulary                              
split               |glove               |built (size: 8897)                      


TRAIN CONFIGURATION
Epochs              |Learn Rate          |Batch Size          |Hidden Size         
3                   |0.001               |32                  |256                 


GRAPH DATA
{"loss": [0.7808841466903687, 50.0, 0.6600677371025085, 71.875, 0.8550562858581543, 46.875, 0.8480581045150757, 53.125, 0.7881956696510315, 53.125, 0.6590086817741394, 50.0, 0.6496446132659912, 78.125, 0.6974197030067444, 59.375, 0.7806594967842102, 59.375, 0.8889471888542175, 40.625, 0.8243879079818726, 43.75, 0.7249407172203064, 46.875, 0.8078840374946594, 34.375, 0.7857975959777832, 43.75, 0.7279741764068604, 62.5, 0.6920763850212097, 59.375, 0.7826984524726868, 43.75, 0.7829485535621643, 43.75, 0.7330955862998962, 43.75, 0.8035839796066284, 46.875, 0.7887341976165771, 53.125, 0.8466392159461975, 25.0, 0.6749193668365479, 65.625, 0.6593223214149475, 65.625, 0.6922443509101868, 56.25, 0.6876957416534424, 50.0, 0.6865824460983276, 53.125, 0.8303524255752563, 46.875, 0.7093073725700378, 62.5, 0.6926572918891907, 53.125, 0.6869300007820129, 56.25, 0.6475012898445129, 71.875, 0.7806490063667297, 50.0, 0.6836522817611694, 62.5, 0.6223994493484497, 59.375, 0.6731703281402588, 59.375, 0.7533270120620728, 46.875, 0.7860008478164673, 40.625, 0.7130667567253113, 59.375, 0.6045186519622803, 68.75, 0.665870189666748, 75.0, 0.6894918084144592, 50.0, 0.7086686491966248, 53.125, 0.773550808429718, 34.375, 0.6999223828315735, 50.0, 0.6708992719650269, 71.875, 0.6407958269119263, 65.625, 0.6710609793663025, 56.25, 0.7633200883865356, 56.25, 0.661935031414032, 59.375, 0.6738671064376831, 59.375, 0.7089284658432007, 50.0, 0.6801755428314209, 59.375, 0.6613726019859314, 46.875, 0.7417213916778564, 46.875, 0.6721781492233276, 53.125, 0.6566257476806641, 65.625, 0.7242090106010437, 46.875, 0.5803574323654175, 71.875, 0.6597859859466553, 53.125], "acc": [0.7808841466903687, 50.0, 0.6600677371025085, 71.875, 0.8550562858581543, 46.875, 0.8480581045150757, 53.125, 0.7881956696510315, 53.125, 0.6590086817741394, 50.0, 0.6496446132659912, 78.125, 0.6974197030067444, 59.375, 0.7806594967842102, 59.375, 0.8889471888542175, 40.625, 0.8243879079818726, 43.75, 0.7249407172203064, 46.875, 0.8078840374946594, 34.375, 0.7857975959777832, 43.75, 0.7279741764068604, 62.5, 0.6920763850212097, 59.375, 0.7826984524726868, 43.75, 0.7829485535621643, 43.75, 0.7330955862998962, 43.75, 0.8035839796066284, 46.875, 0.7887341976165771, 53.125, 0.8466392159461975, 25.0, 0.6749193668365479, 65.625, 0.6593223214149475, 65.625, 0.6922443509101868, 56.25, 0.6876957416534424, 50.0, 0.6865824460983276, 53.125, 0.8303524255752563, 46.875, 0.7093073725700378, 62.5, 0.6926572918891907, 53.125, 0.6869300007820129, 56.25, 0.6475012898445129, 71.875, 0.7806490063667297, 50.0, 0.6836522817611694, 62.5, 0.6223994493484497, 59.375, 0.6731703281402588, 59.375, 0.7533270120620728, 46.875, 0.7860008478164673, 40.625, 0.7130667567253113, 59.375, 0.6045186519622803, 68.75, 0.665870189666748, 75.0, 0.6894918084144592, 50.0, 0.7086686491966248, 53.125, 0.773550808429718, 34.375, 0.6999223828315735, 50.0, 0.6708992719650269, 71.875, 0.6407958269119263, 65.625, 0.6710609793663025, 56.25, 0.7633200883865356, 56.25, 0.661935031414032, 59.375, 0.6738671064376831, 59.375, 0.7089284658432007, 50.0, 0.6801755428314209, 59.375, 0.6613726019859314, 46.875, 0.7417213916778564, 46.875, 0.6721781492233276, 53.125, 0.6566257476806641, 65.625, 0.7242090106010437, 46.875, 0.5803574323654175, 71.875, 0.6597859859466553, 53.125]}