Model Type: LSTM
Dataset: WikiSyntheticGeneral


SCORES
Train Acc           |Val Acc             |Test Acc            
83.43               |83.43               |83.43               


TIME
Device              |Duration            |Start               |End                 
cpu                 |00:00:13.           |2020-03-18T09:55:15 |2020-03-18T09:55:29 


SAMPLES
Total               |Training            |Validation          |Test                
914                 |640                 |137                 |137                 


DATA PROCESS CONFIGURATION
Tokenizer           |Embeddings          |Vocabulary                              
split               |glove               |built (size: 8897)                      


TRAIN CONFIGURATION
Epochs              |Learn Rate          |Batch Size          |Hidden Size         
5                   |0.001               |32                  |256                 


GRAPH DATA
{"loss": [0.69232577085495, 0.6932763457298279, 0.6920190453529358, 0.6702420711517334, 0.7028131484985352, 0.7076185941696167, 0.6901701092720032, 0.6674102544784546, 0.7201653718948364, 0.6933263540267944, 0.7176711559295654, 0.6824855804443359, 0.6833386421203613, 0.6965349912643433, 0.6863827705383301, 0.687325656414032, 0.6712246537208557, 0.6742113828659058, 0.6526075601577759, 0.6725708842277527, 0.5893598794937134, 0.5449479818344116, 0.5221151113510132, 0.6723045110702515, 0.6530827283859253, 0.6036947965621948, 0.5118741989135742, 0.572523295879364, 0.619347095489502, 0.49865415692329407, 0.45919743180274963, 0.4460757374763489, 0.4434487819671631, 0.42556875944137573, 0.44316530227661133, 0.5347933769226074, 0.6610704064369202, 0.5285886526107788, 0.502764105796814, 0.5862157344818115, 0.4828729033470154, 0.5632007718086243, 0.5841816067695618, 0.45164018869400024, 0.47639626264572144, 0.5346537232398987, 0.4204130470752716, 0.5075625777244568, 0.2586199939250946, 0.500224232673645, 0.33748021721839905, 0.500998854637146, 0.4740500748157501, 0.5548487901687622, 0.4153504967689514, 0.40770629048347473, 0.401599645614624, 0.37782397866249084, 0.757145881652832, 0.47754406929016113, 0.42970627546310425, 0.5509328246116638, 0.59414142370224, 0.6395374536514282, 0.585709810256958, 0.6166335940361023, 0.49384263157844543, 0.6110260486602783, 0.5829811096191406, 0.5779673457145691, 0.5294784307479858, 0.5179055333137512, 0.5413284301757812, 0.5669195055961609, 0.4574064016342163, 0.5943354368209839, 0.3766252398490906, 0.33866268396377563, 0.30447861552238464, 0.400856077671051, 0.24240970611572266, 0.5993719100952148, 0.7988453507423401, 0.2518351972103119, 0.3335207402706146, 0.36651405692100525, 0.27495524287223816, 0.331736296415329, 0.39869576692581177, 0.37215226888656616, 0.3386470079421997, 0.4586075246334076, 0.43032243847846985, 0.36351194977760315, 0.2558991014957428, 0.3628380000591278, 0.48241060972213745, 0.46781089901924133, 0.42920586466789246, 0.2787661552429199], "acc": [56.25, 53.125, 56.25, 68.75, 46.875, 43.75, 53.125, 65.625, 37.5, 50.0, 37.5, 50.0, 53.125, 46.875, 56.25, 56.25, 62.5, 68.75, 68.75, 53.125, 75.0, 71.875, 68.75, 62.5, 56.25, 65.625, 87.5, 68.75, 56.25, 75.0, 81.25, 78.125, 84.375, 75.0, 71.875, 75.0, 56.25, 75.0, 78.125, 65.625, 75.0, 71.875, 68.75, 81.25, 81.25, 71.875, 75.0, 71.875, 87.5, 71.875, 87.5, 78.125, 81.25, 68.75, 84.375, 87.5, 81.25, 84.375, 78.125, 78.125, 84.375, 71.875, 62.5, 56.25, 68.75, 68.75, 81.25, 71.875, 65.625, 71.875, 75.0, 87.5, 75.0, 75.0, 81.25, 68.75, 87.5, 84.375, 87.5, 81.25, 90.625, 78.125, 75.0, 93.75, 84.375, 81.25, 84.375, 87.5, 84.375, 81.25, 84.375, 78.125, 78.125, 84.375, 90.625, 84.375, 78.125, 75.0, 81.25, 93.75]}