Model Type: SELF_ATTENTION
Dataset: WikiSyntheticGeneral


SCORES
Train Acc           |Val Acc             |Test Acc            
93.75               |56.25               |0.0                 


TIME
Device              |Duration            |Start               |End                 
cpu                 |00:01:04            |2020-03-18T14:18:16 |2020-03-18T14:19:21 


SAMPLES
Total               |Training            |Validation          |Test                
914                 |640                 |137                 |137                 


DATA PROCESS CONFIGURATION
Tokenizer           |Embeddings          |Vocabulary                              
split               |glove               |built (size: 8897)                      


TRAIN CONFIGURATION
Epochs              |Learn Rate          |Batch Size          |Hidden Size         
3                   |0.001               |32                  |256                 


GRAPH DATA
{"loss": [0.6935648918151855, 50.0, 4.498629093170166, 65.625, 5.436685085296631, 56.25, 2.388956308364868, 59.375, 0.9664924144744873, 56.25, 1.848641276359558, 37.5, 0.9587567448616028, 56.25, 0.8883957266807556, 46.875, 1.0577508211135864, 46.875, 0.9737225770950317, 46.875, 0.5360780954360962, 71.875, 0.6260930895805359, 56.25, 0.9698666930198669, 37.5, 0.8361832499504089, 34.375, 0.5950902104377747, 59.375, 0.5917401909828186, 78.125, 0.44822338223457336, 87.5, 0.638451099395752, 59.375, 0.5830065608024597, 62.5, 0.521588146686554, 75.0, 0.4706234335899353, 84.375, 0.3556279242038727, 93.75, 0.28798988461494446, 90.625, 0.3588731288909912, 87.5, 0.4387516677379608, 78.125, 0.2327118217945099, 93.75, 0.4580060541629791, 71.875, 0.41476064920425415, 78.125, 0.26143699884414673, 93.75, 0.43723657727241516, 84.375, 0.42194893956184387, 81.25, 0.26825961470603943, 87.5, 0.42854297161102295, 75.0, 0.34067443013191223, 84.375, 0.4277297854423523, 84.375, 0.35028666257858276, 81.25, 0.35835596919059753, 84.375, 0.40154436230659485, 84.375, 0.3252491056919098, 87.5, 0.41604578495025635, 87.5, 0.1997445523738861, 90.625, 0.2080506980419159, 93.75, 0.17299339175224304, 93.75, 0.14752104878425598, 96.875, 0.08793190866708755, 100.0, 0.24509750306606293, 90.625, 0.3326070308685303, 84.375, 0.20796816051006317, 90.625, 0.12913727760314941, 90.625, 0.26144540309906006, 90.625, 0.05934073403477669, 100.0, 0.11997727304697037, 93.75, 0.11887594312429428, 90.625, 0.04854956269264221, 100.0, 0.08554946631193161, 96.875, 0.28716930747032166, 84.375, 0.03975860774517059, 100.0, 0.06046532839536667, 100.0, 0.11491241306066513, 90.625, 0.07489296048879623, 96.875], "acc": [0.6935648918151855, 50.0, 4.498629093170166, 65.625, 5.436685085296631, 56.25, 2.388956308364868, 59.375, 0.9664924144744873, 56.25, 1.848641276359558, 37.5, 0.9587567448616028, 56.25, 0.8883957266807556, 46.875, 1.0577508211135864, 46.875, 0.9737225770950317, 46.875, 0.5360780954360962, 71.875, 0.6260930895805359, 56.25, 0.9698666930198669, 37.5, 0.8361832499504089, 34.375, 0.5950902104377747, 59.375, 0.5917401909828186, 78.125, 0.44822338223457336, 87.5, 0.638451099395752, 59.375, 0.5830065608024597, 62.5, 0.521588146686554, 75.0, 0.4706234335899353, 84.375, 0.3556279242038727, 93.75, 0.28798988461494446, 90.625, 0.3588731288909912, 87.5, 0.4387516677379608, 78.125, 0.2327118217945099, 93.75, 0.4580060541629791, 71.875, 0.41476064920425415, 78.125, 0.26143699884414673, 93.75, 0.43723657727241516, 84.375, 0.42194893956184387, 81.25, 0.26825961470603943, 87.5, 0.42854297161102295, 75.0, 0.34067443013191223, 84.375, 0.4277297854423523, 84.375, 0.35028666257858276, 81.25, 0.35835596919059753, 84.375, 0.40154436230659485, 84.375, 0.3252491056919098, 87.5, 0.41604578495025635, 87.5, 0.1997445523738861, 90.625, 0.2080506980419159, 93.75, 0.17299339175224304, 93.75, 0.14752104878425598, 96.875, 0.08793190866708755, 100.0, 0.24509750306606293, 90.625, 0.3326070308685303, 84.375, 0.20796816051006317, 90.625, 0.12913727760314941, 90.625, 0.26144540309906006, 90.625, 0.05934073403477669, 100.0, 0.11997727304697037, 93.75, 0.11887594312429428, 90.625, 0.04854956269264221, 100.0, 0.08554946631193161, 96.875, 0.28716930747032166, 84.375, 0.03975860774517059, 100.0, 0.06046532839536667, 100.0, 0.11491241306066513, 90.625, 0.07489296048879623, 96.875]}