Model Type: SELF_ATTENTION
Dataset: WikiSyntheticGeneral


SCORES
Train Acc           |Val Acc             |Test Acc            
91.71               |60.62               |0.0                 


TIME
Device              |Duration            |Start               |End                 
cpu                 |00:00:54            |2020-03-18T14:20:49 |2020-03-18T14:21:43 


SAMPLES
Total               |Training            |Validation          |Test                
914                 |640                 |137                 |137                 


DATA PROCESS CONFIGURATION
Tokenizer           |Embeddings          |Vocabulary                              
split               |glove               |built (size: 8897)                      


TRAIN CONFIGURATION
Epochs              |Learn Rate          |Batch Size          |Hidden Size         
3                   |0.001               |32                  |256                 


GRAPH DATA
{"loss": [0.6880008578300476, 56.25, 13.100831985473633, 40.625, 2.663456439971924, 46.875, 1.1569617986679077, 53.125, 0.6882636547088623, 59.375, 1.2077723741531372, 43.75, 0.9471045136451721, 43.75, 0.6972633004188538, 50.0, 0.6205052137374878, 65.625, 0.8615763783454895, 43.75, 0.6099157929420471, 65.625, 0.6034391522407532, 78.125, 0.6372730135917664, 56.25, 0.6629048585891724, 62.5, 0.523578941822052, 65.625, 0.6206331253051758, 62.5, 0.7458264231681824, 40.625, 0.4595664143562317, 81.25, 0.5476663112640381, 75.0, 0.4839603304862976, 81.25, 0.45761531591415405, 87.5, 0.49671560525894165, 71.875, 0.45886555314064026, 78.125, 0.598240315914154, 68.75, 0.5718578696250916, 71.875, 0.41813942790031433, 75.0, 0.3900041878223419, 84.375, 0.4562314748764038, 81.25, 0.476334810256958, 71.875, 0.4916168749332428, 75.0, 0.48138177394866943, 75.0, 0.419325590133667, 78.125, 0.4436134397983551, 81.25, 0.46099352836608887, 71.875, 0.4408823549747467, 78.125, 0.3875706195831299, 81.25, 0.36906418204307556, 84.375, 0.3651847541332245, 78.125, 0.3530767261981964, 84.375, 0.2888002097606659, 84.375, 0.31065964698791504, 84.375, 0.3144843280315399, 84.375, 0.2988565266132355, 84.375, 0.28839734196662903, 87.5, 0.28896966576576233, 84.375, 0.16012771427631378, 100.0, 0.2562127709388733, 84.375, 0.24946121871471405, 87.5, 0.19175200164318085, 90.625, 0.10480161756277084, 96.875, 0.19361932575702667, 93.75, 0.08918248862028122, 96.875, 0.12690380215644836, 93.75, 0.05678040161728859, 96.875, 0.12189245969057083, 96.875, 0.17106813192367554, 93.75, 0.22871634364128113, 90.625, 0.35445842146873474, 93.75, 0.1149822324514389, 96.875, 0.21437793970108032, 96.875], "acc": [0.6880008578300476, 56.25, 13.100831985473633, 40.625, 2.663456439971924, 46.875, 1.1569617986679077, 53.125, 0.6882636547088623, 59.375, 1.2077723741531372, 43.75, 0.9471045136451721, 43.75, 0.6972633004188538, 50.0, 0.6205052137374878, 65.625, 0.8615763783454895, 43.75, 0.6099157929420471, 65.625, 0.6034391522407532, 78.125, 0.6372730135917664, 56.25, 0.6629048585891724, 62.5, 0.523578941822052, 65.625, 0.6206331253051758, 62.5, 0.7458264231681824, 40.625, 0.4595664143562317, 81.25, 0.5476663112640381, 75.0, 0.4839603304862976, 81.25, 0.45761531591415405, 87.5, 0.49671560525894165, 71.875, 0.45886555314064026, 78.125, 0.598240315914154, 68.75, 0.5718578696250916, 71.875, 0.41813942790031433, 75.0, 0.3900041878223419, 84.375, 0.4562314748764038, 81.25, 0.476334810256958, 71.875, 0.4916168749332428, 75.0, 0.48138177394866943, 75.0, 0.419325590133667, 78.125, 0.4436134397983551, 81.25, 0.46099352836608887, 71.875, 0.4408823549747467, 78.125, 0.3875706195831299, 81.25, 0.36906418204307556, 84.375, 0.3651847541332245, 78.125, 0.3530767261981964, 84.375, 0.2888002097606659, 84.375, 0.31065964698791504, 84.375, 0.3144843280315399, 84.375, 0.2988565266132355, 84.375, 0.28839734196662903, 87.5, 0.28896966576576233, 84.375, 0.16012771427631378, 100.0, 0.2562127709388733, 84.375, 0.24946121871471405, 87.5, 0.19175200164318085, 90.625, 0.10480161756277084, 96.875, 0.19361932575702667, 93.75, 0.08918248862028122, 96.875, 0.12690380215644836, 93.75, 0.05678040161728859, 96.875, 0.12189245969057083, 96.875, 0.17106813192367554, 93.75, 0.22871634364128113, 90.625, 0.35445842146873474, 93.75, 0.1149822324514389, 96.875, 0.21437793970108032, 96.875]}