Model Type: RNN
Dataset: WikiSyntheticGeneral


SCORES
Train Acc           |Val Acc             |Test Acc            
58.59               |38.12               |0.0                 


TIME
Device              |Duration            |Start               |End                 
cpu                 |00:00:09            |2020-03-18T14:30:50 |2020-03-18T14:30:59 


SAMPLES
Total               |Training            |Validation          |Test                
914                 |640                 |137                 |137                 


DATA PROCESS CONFIGURATION
Tokenizer           |Embeddings          |Vocabulary                              
split               |glove               |built (size: 8897)                      


TRAIN CONFIGURATION
Epochs              |Learn Rate          |Batch Size          |Hidden Size         
3                   |0.001               |32                  |256                 


GRAPH DATA
{"loss": [0.7010505199432373, 43.75, 0.7008002400398254, 53.125, 0.7225107550621033, 50.0, 0.7411820888519287, 46.875, 0.7947713136672974, 34.375, 0.7661322951316833, 43.75, 0.6790052652359009, 56.25, 0.7917324900627136, 40.625, 0.7891442775726318, 34.375, 0.716169536113739, 50.0, 0.7849451303482056, 43.75, 0.8252102136611938, 37.5, 0.8147321343421936, 40.625, 0.713819146156311, 59.375, 0.7673431634902954, 50.0, 0.8170121908187866, 40.625, 0.7794325351715088, 43.75, 0.7942670583724976, 31.25, 0.6963626742362976, 53.125, 0.816877543926239, 53.125, 0.7821860909461975, 46.875, 0.7306650876998901, 50.0, 0.7100852131843567, 53.125, 0.6991794109344482, 40.625, 0.7177032232284546, 50.0, 0.7069710493087769, 50.0, 0.7096486687660217, 50.0, 0.653282642364502, 62.5, 0.7530161142349243, 46.875, 0.747428297996521, 40.625, 0.7157943844795227, 50.0, 0.7171147465705872, 50.0, 0.6901379227638245, 65.625, 0.7008541226387024, 50.0, 0.6776190400123596, 59.375, 0.6912886500358582, 53.125, 0.7009201645851135, 46.875, 0.7133181691169739, 40.625, 0.7288905382156372, 50.0, 0.6758129596710205, 59.375, 0.7087075114250183, 50.0, 0.6700693368911743, 56.25, 0.6203740835189819, 71.875, 0.5962559580802917, 71.875, 0.6401216387748718, 71.875, 0.6588552594184875, 65.625, 0.671911358833313, 50.0, 0.5889454483985901, 75.0, 0.6749469041824341, 62.5, 0.7634672522544861, 40.625, 0.7201097011566162, 50.0, 0.7348750233650208, 43.75, 0.7019196152687073, 46.875, 0.6599709391593933, 59.375, 0.7067028880119324, 53.125, 0.6938403844833374, 46.875, 0.6387745141983032, 59.375, 0.5476773381233215, 81.25, 0.9618280529975891, 53.125, 0.6521452069282532, 62.5], "acc": [0.7010505199432373, 43.75, 0.7008002400398254, 53.125, 0.7225107550621033, 50.0, 0.7411820888519287, 46.875, 0.7947713136672974, 34.375, 0.7661322951316833, 43.75, 0.6790052652359009, 56.25, 0.7917324900627136, 40.625, 0.7891442775726318, 34.375, 0.716169536113739, 50.0, 0.7849451303482056, 43.75, 0.8252102136611938, 37.5, 0.8147321343421936, 40.625, 0.713819146156311, 59.375, 0.7673431634902954, 50.0, 0.8170121908187866, 40.625, 0.7794325351715088, 43.75, 0.7942670583724976, 31.25, 0.6963626742362976, 53.125, 0.816877543926239, 53.125, 0.7821860909461975, 46.875, 0.7306650876998901, 50.0, 0.7100852131843567, 53.125, 0.6991794109344482, 40.625, 0.7177032232284546, 50.0, 0.7069710493087769, 50.0, 0.7096486687660217, 50.0, 0.653282642364502, 62.5, 0.7530161142349243, 46.875, 0.747428297996521, 40.625, 0.7157943844795227, 50.0, 0.7171147465705872, 50.0, 0.6901379227638245, 65.625, 0.7008541226387024, 50.0, 0.6776190400123596, 59.375, 0.6912886500358582, 53.125, 0.7009201645851135, 46.875, 0.7133181691169739, 40.625, 0.7288905382156372, 50.0, 0.6758129596710205, 59.375, 0.7087075114250183, 50.0, 0.6700693368911743, 56.25, 0.6203740835189819, 71.875, 0.5962559580802917, 71.875, 0.6401216387748718, 71.875, 0.6588552594184875, 65.625, 0.671911358833313, 50.0, 0.5889454483985901, 75.0, 0.6749469041824341, 62.5, 0.7634672522544861, 40.625, 0.7201097011566162, 50.0, 0.7348750233650208, 43.75, 0.7019196152687073, 46.875, 0.6599709391593933, 59.375, 0.7067028880119324, 53.125, 0.6938403844833374, 46.875, 0.6387745141983032, 59.375, 0.5476773381233215, 81.25, 0.9618280529975891, 53.125, 0.6521452069282532, 62.5]}